00002/0017 7 (256,448,3)
00002/0018 7 (256,448,3)
00002/0019 7 (256,448,3)
00002/0020 7 (256,448,3)
00002/0021 7 (256,448,3)
00002/0022 7 (256,448,3)
00002/0023 7 (256,448,3)
00002/0048 7 (256,448,3)
00002/0049 7 (256,448,3)
00002/0050 7 (256,448,3)
00002/0051 7 (256,448,3)
00002/0052 7 (256,448,3)
00002/0053 7 (256,448,3)
00002/0054 7 (256,448,3)
00002/0055 7 (256,448,3)
00002/0056 7 (256,448,3)
00002/0057 7 (256,448,3)
00002/0058 7 (256,448,3)
00002/0059 7 (256,448,3)
00002/0060 7 (256,448,3)
00002/0061 7 (256,448,3)
00002/0062 7 (256,448,3)
00002/0063 7 (256,448,3)
00002/0064 7 (256,448,3)
00002/0065 7 (256,448,3)
00002/0066 7 (256,448,3)
00002/0067 7 (256,448,3)
00002/0068 7 (256,448,3)
00002/0069 7 (256,448,3)
00002/0070 7 (256,448,3)
00002/0071 7 (256,448,3)
00002/0072 7 (256,448,3)
00002/0073 7 (256,448,3)
00002/0074 7 (256,448,3)
00002/0075 7 (256,448,3)
00002/0076 7 (256,448,3)
00002/0077 7 (256,448,3)
00002/0078 7 (256,448,3)
00002/0079 7 (256,448,3)
00002/0080 7 (256,448,3)
00002/0081 7 (256,448,3)
00002/0082 7 (256,448,3)
00002/0083 7 (256,448,3)
00002/0084 7 (256,448,3)
00002/0085 7 (256,448,3)
00002/0086 7 (256,448,3)
00002/0087 7 (256,448,3)
00002/0088 7 (256,448,3)
00002/0089 7 (256,448,3)
00002/0090 7 (256,448,3)
00002/0105 7 (256,448,3)
00002/0106 7 (256,448,3)
00002/0107 7 (256,448,3)
00002/0108 7 (256,448,3)
00002/0109 7 (256,448,3)
00002/0110 7 (256,448,3)
00002/0111 7 (256,448,3)
00002/0127 7 (256,448,3)
00002/0128 7 (256,448,3)
00002/0129 7 (256,448,3)
00002/0130 7 (256,448,3)
00002/0131 7 (256,448,3)
00002/0132 7 (256,448,3)
00002/0133 7 (256,448,3)
00002/0134 7 (256,448,3)
00002/0135 7 (256,448,3)
00002/0136 7 (256,448,3)
00002/0137 7 (256,448,3)
00002/0138 7 (256,448,3)
00002/0139 7 (256,448,3)
00002/0140 7 (256,448,3)
00002/0141 7 (256,448,3)
00002/0142 7 (256,448,3)
00002/0143 7 (256,448,3)
00002/0144 7 (256,448,3)
00002/0145 7 (256,448,3)
00002/0146 7 (256,448,3)
00002/0147 7 (256,448,3)
00002/0148 7 (256,448,3)
00002/0149 7 (256,448,3)
00002/0150 7 (256,448,3)
00002/0151 7 (256,448,3)
00002/0152 7 (256,448,3)
00002/0153 7 (256,448,3)
00002/0154 7 (256,448,3)
00002/0155 7 (256,448,3)
00002/0156 7 (256,448,3)
00002/0157 7 (256,448,3)
00002/0158 7 (256,448,3)
00002/0159 7 (256,448,3)
00002/0160 7 (256,448,3)
00002/0161 7 (256,448,3)
00002/0162 7 (256,448,3)
00002/0163 7 (256,448,3)
00002/0164 7 (256,448,3)
00002/0165 7 (256,448,3)
00002/0166 7 (256,448,3)
00002/0167 7 (256,448,3)
00002/0168 7 (256,448,3)
00002/0169 7 (256,448,3)
00002/0170 7 (256,448,3)
00002/0171 7 (256,448,3)
00002/0172 7 (256,448,3)
00002/0173 7 (256,448,3)
00002/0174 7 (256,448,3)
00002/0175 7 (256,448,3)
00002/0176 7 (256,448,3)
00002/0177 7 (256,448,3)
00002/0178 7 (256,448,3)
00002/0179 7 (256,448,3)
00002/0180 7 (256,448,3)
00002/0181 7 (256,448,3)
00002/0182 7 (256,448,3)
00002/0183 7 (256,448,3)
00002/0184 7 (256,448,3)
00002/0185 7 (256,448,3)
00002/0186 7 (256,448,3)
00002/0187 7 (256,448,3)
00002/0188 7 (256,448,3)
00002/0189 7 (256,448,3)
00002/0190 7 (256,448,3)
00002/0191 7 (256,448,3)
00002/0192 7 (256,448,3)
00002/0193 7 (256,448,3)
00002/0194 7 (256,448,3)
00002/0195 7 (256,448,3)
00002/0196 7 (256,448,3)
00002/0197 7 (256,448,3)
00002/0198 7 (256,448,3)
00002/0199 7 (256,448,3)
00002/0200 7 (256,448,3)
00002/0201 7 (256,448,3)
00002/0202 7 (256,448,3)
00002/0203 7 (256,448,3)
00002/0204 7 (256,448,3)
00002/0205 7 (256,448,3)
00002/0206 7 (256,448,3)
00002/0211 7 (256,448,3)
00002/0212 7 (256,448,3)
00002/0213 7 (256,448,3)
00002/0214 7 (256,448,3)
00002/0215 7 (256,448,3)
00002/0216 7 (256,448,3)
00002/0217 7 (256,448,3)
00002/0218 7 (256,448,3)
00002/0219 7 (256,448,3)
00002/0220 7 (256,448,3)
00002/0221 7 (256,448,3)
00002/0222 7 (256,448,3)
00002/0223 7 (256,448,3)
00002/0224 7 (256,448,3)
00002/0225 7 (256,448,3)
00002/0226 7 (256,448,3)
00002/0227 7 (256,448,3)
00002/0228 7 (256,448,3)
00002/0229 7 (256,448,3)
00002/0230 7 (256,448,3)
00002/0231 7 (256,448,3)
00002/0232 7 (256,448,3)
00002/0233 7 (256,448,3)
00002/0234 7 (256,448,3)
00002/0245 7 (256,448,3)
00002/0246 7 (256,448,3)
00002/0247 7 (256,448,3)
00002/0248 7 (256,448,3)
00002/0249 7 (256,448,3)
00002/0250 7 (256,448,3)
00002/0251 7 (256,448,3)
00002/0252 7 (256,448,3)
00002/0253 7 (256,448,3)
00002/0254 7 (256,448,3)
00002/0255 7 (256,448,3)
00002/0256 7 (256,448,3)
00002/0257 7 (256,448,3)
00002/0258 7 (256,448,3)
00002/0259 7 (256,448,3)
00002/0260 7 (256,448,3)
00002/0261 7 (256,448,3)
00002/0262 7 (256,448,3)
00002/0263 7 (256,448,3)
00002/0264 7 (256,448,3)
00002/0265 7 (256,448,3)
00002/0266 7 (256,448,3)
00002/0267 7 (256,448,3)
00002/0268 7 (256,448,3)
00002/0269 7 (256,448,3)
00002/0270 7 (256,448,3)
00002/0271 7 (256,448,3)
00002/0272 7 (256,448,3)
00002/0273 7 (256,448,3)
00002/0274 7 (256,448,3)
00002/0275 7 (256,448,3)
00002/0276 7 (256,448,3)
00002/0277 7 (256,448,3)
00002/0278 7 (256,448,3)
00002/0279 7 (256,448,3)
00002/0280 7 (256,448,3)
00002/0281 7 (256,448,3)
00002/0282 7 (256,448,3)
00002/0283 7 (256,448,3)
00002/0284 7 (256,448,3)
00002/0285 7 (256,448,3)
00002/0286 7 (256,448,3)
00002/0287 7 (256,448,3)
00002/0288 7 (256,448,3)
00002/0289 7 (256,448,3)
00002/0290 7 (256,448,3)
00002/0291 7 (256,448,3)
00002/0292 7 (256,448,3)
00002/0293 7 (256,448,3)
00002/0294 7 (256,448,3)
00002/0295 7 (256,448,3)
00002/0296 7 (256,448,3)
00002/0297 7 (256,448,3)
00002/0298 7 (256,448,3)
00002/0299 7 (256,448,3)
00002/0300 7 (256,448,3)
00002/0301 7 (256,448,3)
00002/0302 7 (256,448,3)
00002/0303 7 (256,448,3)
00002/0304 7 (256,448,3)
00002/0305 7 (256,448,3)
00002/0306 7 (256,448,3)
00002/0307 7 (256,448,3)
00002/0308 7 (256,448,3)
00002/0309 7 (256,448,3)
00002/0310 7 (256,448,3)
00002/0311 7 (256,448,3)
00002/0312 7 (256,448,3)
00002/0313 7 (256,448,3)
00002/0314 7 (256,448,3)
00002/0315 7 (256,448,3)
00002/0316 7 (256,448,3)
00002/0317 7 (256,448,3)
00002/0318 7 (256,448,3)
00002/0319 7 (256,448,3)
00002/0320 7 (256,448,3)
00002/0321 7 (256,448,3)
00002/0322 7 (256,448,3)
00002/0323 7 (256,448,3)
00002/0324 7 (256,448,3)
00002/0325 7 (256,448,3)
00002/0326 7 (256,448,3)
00002/0327 7 (256,448,3)
00002/0328 7 (256,448,3)
00002/0329 7 (256,448,3)
00002/0330 7 (256,448,3)
00002/0331 7 (256,448,3)
00002/0332 7 (256,448,3)
00002/0333 7 (256,448,3)
00002/0334 7 (256,448,3)
00002/0335 7 (256,448,3)
00002/0336 7 (256,448,3)
00002/0337 7 (256,448,3)
00002/0338 7 (256,448,3)
00002/0339 7 (256,448,3)
00002/0340 7 (256,448,3)
00002/0341 7 (256,448,3)
00002/0342 7 (256,448,3)
00002/0343 7 (256,448,3)
00002/0344 7 (256,448,3)
00002/0345 7 (256,448,3)
00002/0346 7 (256,448,3)
00002/0347 7 (256,448,3)
00002/0348 7 (256,448,3)
00002/0349 7 (256,448,3)
00002/0350 7 (256,448,3)
00002/0351 7 (256,448,3)
00002/0352 7 (256,448,3)
00002/0353 7 (256,448,3)
00002/0354 7 (256,448,3)
00002/0355 7 (256,448,3)
00002/0356 7 (256,448,3)
00002/0357 7 (256,448,3)
00002/0358 7 (256,448,3)
00002/0359 7 (256,448,3)
00002/0360 7 (256,448,3)
00002/0361 7 (256,448,3)
00002/0362 7 (256,448,3)
00002/0363 7 (256,448,3)
00002/0364 7 (256,448,3)
00002/0365 7 (256,448,3)
00002/0366 7 (256,448,3)
00002/0367 7 (256,448,3)
00002/0368 7 (256,448,3)
00002/0369 7 (256,448,3)
00002/0370 7 (256,448,3)
00002/0371 7 (256,448,3)
00002/0372 7 (256,448,3)
00002/0373 7 (256,448,3)
00002/0374 7 (256,448,3)
00002/0375 7 (256,448,3)
00002/0376 7 (256,448,3)
00002/0377 7 (256,448,3)
00002/0378 7 (256,448,3)
00002/0379 7 (256,448,3)
00002/0380 7 (256,448,3)
00002/0381 7 (256,448,3)
00002/0382 7 (256,448,3)
00002/0383 7 (256,448,3)
00002/0384 7 (256,448,3)
00002/0385 7 (256,448,3)
00002/0386 7 (256,448,3)
00002/0387 7 (256,448,3)
00002/0388 7 (256,448,3)
00002/0389 7 (256,448,3)
00002/0390 7 (256,448,3)
00002/0391 7 (256,448,3)
00002/0392 7 (256,448,3)
00002/0393 7 (256,448,3)
00002/0394 7 (256,448,3)
00002/0395 7 (256,448,3)
00002/0396 7 (256,448,3)
00002/0397 7 (256,448,3)
00002/0398 7 (256,448,3)
00002/0399 7 (256,448,3)
00002/0400 7 (256,448,3)
00002/0401 7 (256,448,3)
00002/0402 7 (256,448,3)
00002/0403 7 (256,448,3)
00002/0404 7 (256,448,3)
00002/0405 7 (256,448,3)
00002/0406 7 (256,448,3)
00002/0407 7 (256,448,3)
00002/0408 7 (256,448,3)
00002/0409 7 (256,448,3)
00002/0410 7 (256,448,3)
00002/0411 7 (256,448,3)
00002/0412 7 (256,448,3)
00002/0413 7 (256,448,3)
00002/0414 7 (256,448,3)
00002/0415 7 (256,448,3)
00002/0416 7 (256,448,3)
00002/0417 7 (256,448,3)
00002/0418 7 (256,448,3)
00002/0419 7 (256,448,3)
00002/0420 7 (256,448,3)
00002/0421 7 (256,448,3)
00002/0422 7 (256,448,3)
00002/0423 7 (256,448,3)
00002/0424 7 (256,448,3)
00002/0425 7 (256,448,3)
00002/0426 7 (256,448,3)
00002/0427 7 (256,448,3)
00002/0428 7 (256,448,3)
00002/0429 7 (256,448,3)
00002/0430 7 (256,448,3)
00002/0431 7 (256,448,3)
00002/0432 7 (256,448,3)
00002/0433 7 (256,448,3)
00002/0434 7 (256,448,3)
00002/0435 7 (256,448,3)
00002/0436 7 (256,448,3)
00002/0437 7 (256,448,3)
00002/0438 7 (256,448,3)
00002/0439 7 (256,448,3)
00002/0440 7 (256,448,3)
00002/0441 7 (256,448,3)
00002/0442 7 (256,448,3)
00002/0443 7 (256,448,3)
00002/0444 7 (256,448,3)
00002/0445 7 (256,448,3)
00002/0446 7 (256,448,3)
00002/0447 7 (256,448,3)
00002/0448 7 (256,448,3)
00002/0464 7 (256,448,3)
00002/0465 7 (256,448,3)
00002/0469 7 (256,448,3)
00002/0470 7 (256,448,3)
00002/0471 7 (256,448,3)
00002/0472 7 (256,448,3)
00002/0473 7 (256,448,3)
00002/0474 7 (256,448,3)
00002/0475 7 (256,448,3)
00002/0476 7 (256,448,3)
00002/0477 7 (256,448,3)
00002/0478 7 (256,448,3)
00002/0479 7 (256,448,3)
00002/0480 7 (256,448,3)
00002/0481 7 (256,448,3)
00002/0482 7 (256,448,3)
00002/0483 7 (256,448,3)
00002/0484 7 (256,448,3)
00002/0485 7 (256,448,3)
00002/0486 7 (256,448,3)
00002/0487 7 (256,448,3)
00002/0488 7 (256,448,3)
00002/0489 7 (256,448,3)
00002/0490 7 (256,448,3)
00002/0491 7 (256,448,3)
00002/0492 7 (256,448,3)
00002/0493 7 (256,448,3)
00002/0494 7 (256,448,3)
00002/0495 7 (256,448,3)
00002/0496 7 (256,448,3)
00002/0497 7 (256,448,3)
00002/0498 7 (256,448,3)
00002/0499 7 (256,448,3)
00002/0500 7 (256,448,3)
00002/0501 7 (256,448,3)
00002/0502 7 (256,448,3)
00002/0511 7 (256,448,3)
00002/0512 7 (256,448,3)
00002/0513 7 (256,448,3)
00002/0514 7 (256,448,3)
00002/0515 7 (256,448,3)
00002/0516 7 (256,448,3)
00002/0517 7 (256,448,3)
00002/0518 7 (256,448,3)
00002/0519 7 (256,448,3)
00002/0520 7 (256,448,3)
00002/0521 7 (256,448,3)
00002/0522 7 (256,448,3)
00002/0523 7 (256,448,3)
00002/0524 7 (256,448,3)
00002/0525 7 (256,448,3)
00002/0526 7 (256,448,3)
00002/0527 7 (256,448,3)
00002/0528 7 (256,448,3)
00002/0529 7 (256,448,3)
00002/0530 7 (256,448,3)
00002/0531 7 (256,448,3)
00002/0532 7 (256,448,3)
00002/0533 7 (256,448,3)
00002/0534 7 (256,448,3)
00002/0535 7 (256,448,3)
00002/0536 7 (256,448,3)
00002/0537 7 (256,448,3)
00002/0538 7 (256,448,3)
00002/0539 7 (256,448,3)
00002/0540 7 (256,448,3)
00002/0541 7 (256,448,3)
00002/0542 7 (256,448,3)
00002/0543 7 (256,448,3)
00002/0544 7 (256,448,3)
00002/0545 7 (256,448,3)
00002/0546 7 (256,448,3)
00002/0547 7 (256,448,3)
00002/0548 7 (256,448,3)
00002/0549 7 (256,448,3)
00002/0550 7 (256,448,3)
00002/0551 7 (256,448,3)
00002/0552 7 (256,448,3)
00002/0553 7 (256,448,3)
00002/0554 7 (256,448,3)
00002/0555 7 (256,448,3)
00002/0556 7 (256,448,3)
00002/0557 7 (256,448,3)
00002/0558 7 (256,448,3)
00002/0559 7 (256,448,3)
00002/0560 7 (256,448,3)
00002/0561 7 (256,448,3)
00002/0562 7 (256,448,3)
00002/0563 7 (256,448,3)
00002/0564 7 (256,448,3)
00002/0565 7 (256,448,3)
00002/0566 7 (256,448,3)
00002/0567 7 (256,448,3)
00002/0568 7 (256,448,3)
00002/0569 7 (256,448,3)
00002/0570 7 (256,448,3)
00002/0571 7 (256,448,3)
00002/0572 7 (256,448,3)
00002/0573 7 (256,448,3)
00002/0574 7 (256,448,3)
00002/0575 7 (256,448,3)
00002/0576 7 (256,448,3)
00002/0577 7 (256,448,3)
00002/0578 7 (256,448,3)
00002/0579 7 (256,448,3)
00002/0580 7 (256,448,3)
00002/0581 7 (256,448,3)
00002/0582 7 (256,448,3)
00002/0583 7 (256,448,3)
00002/0584 7 (256,448,3)
00002/0585 7 (256,448,3)
00002/0605 7 (256,448,3)
00002/0606 7 (256,448,3)
00002/0607 7 (256,448,3)
00002/0608 7 (256,448,3)
00002/0609 7 (256,448,3)
00002/0610 7 (256,448,3)
00002/0611 7 (256,448,3)
00002/0612 7 (256,448,3)
00002/0613 7 (256,448,3)
00002/0614 7 (256,448,3)
00002/0615 7 (256,448,3)
00002/0616 7 (256,448,3)
00002/0617 7 (256,448,3)
00002/0618 7 (256,448,3)
00002/0619 7 (256,448,3)
00002/0620 7 (256,448,3)
00002/0621 7 (256,448,3)
00002/0622 7 (256,448,3)
00002/0623 7 (256,448,3)
00002/0624 7 (256,448,3)
00002/0625 7 (256,448,3)
00002/0626 7 (256,448,3)
00002/0627 7 (256,448,3)
00002/0628 7 (256,448,3)
00002/0629 7 (256,448,3)
00002/0630 7 (256,448,3)
00002/0631 7 (256,448,3)
00002/0632 7 (256,448,3)
00002/0633 7 (256,448,3)
00002/0634 7 (256,448,3)
00002/0635 7 (256,448,3)
00002/0636 7 (256,448,3)
00002/0637 7 (256,448,3)
00002/0638 7 (256,448,3)
00002/0639 7 (256,448,3)
00002/0640 7 (256,448,3)
00002/0641 7 (256,448,3)
00002/0642 7 (256,448,3)
00002/0643 7 (256,448,3)
00002/0644 7 (256,448,3)
00002/0645 7 (256,448,3)
00002/0646 7 (256,448,3)
00002/0647 7 (256,448,3)
00002/0648 7 (256,448,3)
00002/0655 7 (256,448,3)
00002/0656 7 (256,448,3)
00002/0657 7 (256,448,3)
00002/0658 7 (256,448,3)
00002/0659 7 (256,448,3)
00002/0660 7 (256,448,3)
00002/0661 7 (256,448,3)
00002/0662 7 (256,448,3)
00002/0663 7 (256,448,3)
00002/0664 7 (256,448,3)
00002/0665 7 (256,448,3)
00002/0666 7 (256,448,3)
00002/0667 7 (256,448,3)
00002/0668 7 (256,448,3)
00002/0669 7 (256,448,3)
00002/0670 7 (256,448,3)
00002/0671 7 (256,448,3)
00002/0672 7 (256,448,3)
00002/0673 7 (256,448,3)
00002/0674 7 (256,448,3)
00002/0675 7 (256,448,3)
00002/0676 7 (256,448,3)
00002/0677 7 (256,448,3)
00002/0678 7 (256,448,3)
00002/0679 7 (256,448,3)
00002/0680 7 (256,448,3)
00002/0681 7 (256,448,3)
00002/0682 7 (256,448,3)
00002/0683 7 (256,448,3)
00002/0684 7 (256,448,3)
00002/0685 7 (256,448,3)
00002/0686 7 (256,448,3)
00002/0687 7 (256,448,3)
00002/0688 7 (256,448,3)
00002/0689 7 (256,448,3)
00002/0690 7 (256,448,3)
00002/0691 7 (256,448,3)
00002/0692 7 (256,448,3)
00002/0693 7 (256,448,3)
00002/0694 7 (256,448,3)
00002/0695 7 (256,448,3)
00002/0696 7 (256,448,3)
00002/0697 7 (256,448,3)
00002/0698 7 (256,448,3)
00002/0699 7 (256,448,3)
00002/0700 7 (256,448,3)
00002/0701 7 (256,448,3)
00002/0702 7 (256,448,3)
00002/0703 7 (256,448,3)
00002/0704 7 (256,448,3)
00002/0705 7 (256,448,3)
00002/0706 7 (256,448,3)
00002/0707 7 (256,448,3)
00002/0708 7 (256,448,3)
00002/0709 7 (256,448,3)
00002/0710 7 (256,448,3)
00002/0711 7 (256,448,3)
00002/0712 7 (256,448,3)
00002/0713 7 (256,448,3)
00002/0714 7 (256,448,3)
00002/0715 7 (256,448,3)
00002/0716 7 (256,448,3)
00002/0717 7 (256,448,3)
00002/0718 7 (256,448,3)
00002/0719 7 (256,448,3)
00002/0720 7 (256,448,3)
00002/0721 7 (256,448,3)
00002/0722 7 (256,448,3)
00002/0723 7 (256,448,3)
00002/0724 7 (256,448,3)
00002/0725 7 (256,448,3)
00002/0726 7 (256,448,3)
00002/0727 7 (256,448,3)
00002/0728 7 (256,448,3)
00002/0729 7 (256,448,3)
00002/0730 7 (256,448,3)
00002/0731 7 (256,448,3)
00002/0757 7 (256,448,3)
00002/0758 7 (256,448,3)
00002/0759 7 (256,448,3)
00002/0760 7 (256,448,3)
00002/0761 7 (256,448,3)
00002/0762 7 (256,448,3)
00002/0763 7 (256,448,3)
00002/0764 7 (256,448,3)
00002/0765 7 (256,448,3)
00002/0766 7 (256,448,3)
00002/0767 7 (256,448,3)
00002/0768 7 (256,448,3)
00002/0769 7 (256,448,3)
00002/0770 7 (256,448,3)
00002/0771 7 (256,448,3)
00002/0772 7 (256,448,3)
00002/0773 7 (256,448,3)
00002/0774 7 (256,448,3)
00002/0775 7 (256,448,3)
00002/0776 7 (256,448,3)
00002/0777 7 (256,448,3)
00002/0778 7 (256,448,3)
00002/0779 7 (256,448,3)
00002/0780 7 (256,448,3)
00002/0781 7 (256,448,3)
00002/0782 7 (256,448,3)
00002/0783 7 (256,448,3)
00002/0784 7 (256,448,3)
00002/0785 7 (256,448,3)
00002/0786 7 (256,448,3)
00002/0787 7 (256,448,3)
00002/0788 7 (256,448,3)
00002/0789 7 (256,448,3)
00002/0790 7 (256,448,3)
00002/0791 7 (256,448,3)
00002/0792 7 (256,448,3)
00002/0793 7 (256,448,3)
00002/0794 7 (256,448,3)
00002/0795 7 (256,448,3)
00002/0796 7 (256,448,3)
00002/0797 7 (256,448,3)
00002/0798 7 (256,448,3)
00002/0799 7 (256,448,3)
00002/0800 7 (256,448,3)
00002/0801 7 (256,448,3)
00002/0802 7 (256,448,3)
00002/0803 7 (256,448,3)
00002/0804 7 (256,448,3)
00002/0805 7 (256,448,3)
00002/0806 7 (256,448,3)
00002/0807 7 (256,448,3)
00002/0808 7 (256,448,3)
00002/0809 7 (256,448,3)
00002/0810 7 (256,448,3)
00002/0811 7 (256,448,3)
00002/0812 7 (256,448,3)
00002/0813 7 (256,448,3)
00002/0814 7 (256,448,3)
00002/0815 7 (256,448,3)
00002/0816 7 (256,448,3)
00002/0817 7 (256,448,3)
00002/0818 7 (256,448,3)
00002/0819 7 (256,448,3)
00002/0820 7 (256,448,3)
00002/0821 7 (256,448,3)
00002/0822 7 (256,448,3)
00002/0823 7 (256,448,3)
00002/0824 7 (256,448,3)
00002/0825 7 (256,448,3)
00002/0826 7 (256,448,3)
00002/0827 7 (256,448,3)
00002/0828 7 (256,448,3)
00002/0829 7 (256,448,3)
00002/0830 7 (256,448,3)
00002/0831 7 (256,448,3)
00002/0832 7 (256,448,3)
00002/0833 7 (256,448,3)
00002/0834 7 (256,448,3)
00002/0835 7 (256,448,3)
00002/0836 7 (256,448,3)
00002/0837 7 (256,448,3)
00002/0838 7 (256,448,3)
00002/0839 7 (256,448,3)
00002/0840 7 (256,448,3)
00002/0841 7 (256,448,3)
00002/0842 7 (256,448,3)
00002/0843 7 (256,448,3)
00002/0844 7 (256,448,3)
00002/0845 7 (256,448,3)
00002/0846 7 (256,448,3)
00002/0847 7 (256,448,3)
00002/0848 7 (256,448,3)
00002/0849 7 (256,448,3)
00002/0850 7 (256,448,3)
00002/0851 7 (256,448,3)
00002/0852 7 (256,448,3)
00002/0853 7 (256,448,3)
00002/0854 7 (256,448,3)
00002/0855 7 (256,448,3)
00002/0856 7 (256,448,3)
00002/0857 7 (256,448,3)
00002/0858 7 (256,448,3)
00002/0859 7 (256,448,3)
00002/0860 7 (256,448,3)
00002/0861 7 (256,448,3)
00002/0862 7 (256,448,3)
00002/0863 7 (256,448,3)
00002/0864 7 (256,448,3)
00002/0865 7 (256,448,3)
00002/0866 7 (256,448,3)
00002/0867 7 (256,448,3)
00002/0868 7 (256,448,3)
00002/0869 7 (256,448,3)
00002/0870 7 (256,448,3)
00002/0871 7 (256,448,3)
00002/0872 7 (256,448,3)
00002/0873 7 (256,448,3)
00002/0874 7 (256,448,3)
00002/0875 7 (256,448,3)
00002/0876 7 (256,448,3)
00002/0877 7 (256,448,3)
00002/0878 7 (256,448,3)
00002/0879 7 (256,448,3)
00002/0880 7 (256,448,3)
00002/0881 7 (256,448,3)
00002/0882 7 (256,448,3)
00002/0883 7 (256,448,3)
00002/0884 7 (256,448,3)
00002/0885 7 (256,448,3)
00002/0886 7 (256,448,3)
00002/0887 7 (256,448,3)
00002/0888 7 (256,448,3)
00002/0889 7 (256,448,3)
00002/0890 7 (256,448,3)
00002/0891 7 (256,448,3)
00002/0892 7 (256,448,3)
00002/0893 7 (256,448,3)
00002/0894 7 (256,448,3)
00002/0895 7 (256,448,3)
00002/0896 7 (256,448,3)
00002/0897 7 (256,448,3)
00002/0898 7 (256,448,3)
00002/0899 7 (256,448,3)
00002/0900 7 (256,448,3)
00002/0901 7 (256,448,3)
00002/0902 7 (256,448,3)
00002/0903 7 (256,448,3)
00002/0904 7 (256,448,3)
00002/0905 7 (256,448,3)
00002/0906 7 (256,448,3)
00002/0907 7 (256,448,3)
00002/0908 7 (256,448,3)
00002/0909 7 (256,448,3)
00002/0910 7 (256,448,3)
00002/0911 7 (256,448,3)
00002/0912 7 (256,448,3)
00002/0913 7 (256,448,3)
00002/0914 7 (256,448,3)
00002/0915 7 (256,448,3)
00002/0916 7 (256,448,3)
00002/0917 7 (256,448,3)
00002/0918 7 (256,448,3)
00002/0919 7 (256,448,3)
00002/0920 7 (256,448,3)
00002/0921 7 (256,448,3)
00002/0922 7 (256,448,3)
00002/0923 7 (256,448,3)
00002/0924 7 (256,448,3)
00002/0925 7 (256,448,3)
00002/0926 7 (256,448,3)
00002/0927 7 (256,448,3)
00002/0928 7 (256,448,3)
00002/0929 7 (256,448,3)
00002/0930 7 (256,448,3)
00002/0931 7 (256,448,3)
00002/0932 7 (256,448,3)
00002/0933 7 (256,448,3)
00002/0934 7 (256,448,3)
00002/0935 7 (256,448,3)
00002/0936 7 (256,448,3)
00002/0937 7 (256,448,3)
00002/0938 7 (256,448,3)
00002/0939 7 (256,448,3)
00002/0940 7 (256,448,3)
00002/0941 7 (256,448,3)
00002/0942 7 (256,448,3)
00002/0943 7 (256,448,3)
00002/0944 7 (256,448,3)
00002/0945 7 (256,448,3)
00002/0946 7 (256,448,3)
00002/0947 7 (256,448,3)
00002/0948 7 (256,448,3)
00002/0949 7 (256,448,3)
00002/0950 7 (256,448,3)
00002/0951 7 (256,448,3)
00002/0952 7 (256,448,3)
00002/0953 7 (256,448,3)
00002/0954 7 (256,448,3)
00002/0955 7 (256,448,3)
00002/0956 7 (256,448,3)
00002/0957 7 (256,448,3)
00002/0958 7 (256,448,3)
00002/0959 7 (256,448,3)
00003/0061 7 (256,448,3)
00003/0062 7 (256,448,3)
00003/0078 7 (256,448,3)
00003/0079 7 (256,448,3)
00003/0080 7 (256,448,3)
00003/0081 7 (256,448,3)
00003/0082 7 (256,448,3)
00003/0083 7 (256,448,3)
00003/0084 7 (256,448,3)
00003/0085 7 (256,448,3)
00003/0086 7 (256,448,3)
00003/0087 7 (256,448,3)
00003/0088 7 (256,448,3)
00003/0089 7 (256,448,3)
00003/0090 7 (256,448,3)
00003/0091 7 (256,448,3)
00003/0092 7 (256,448,3)
00003/0093 7 (256,448,3)
00003/0094 7 (256,448,3)
00003/0095 7 (256,448,3)
00003/0096 7 (256,448,3)
00003/0097 7 (256,448,3)
00003/0098 7 (256,448,3)
00003/0099 7 (256,448,3)
00003/0100 7 (256,448,3)
00003/0101 7 (256,448,3)
00003/0102 7 (256,448,3)
00003/0103 7 (256,448,3)
00003/0104 7 (256,448,3)
00003/0105 7 (256,448,3)
00003/0106 7 (256,448,3)
00003/0142 7 (256,448,3)
00003/0143 7 (256,448,3)
00003/0144 7 (256,448,3)
00003/0145 7 (256,448,3)
00003/0146 7 (256,448,3)
00003/0147 7 (256,448,3)
00003/0148 7 (256,448,3)
00003/0149 7 (256,448,3)
00003/0150 7 (256,448,3)
00003/0151 7 (256,448,3)
00003/0152 7 (256,448,3)
00003/0153 7 (256,448,3)
00003/0154 7 (256,448,3)
00003/0155 7 (256,448,3)
00003/0156 7 (256,448,3)
00003/0157 7 (256,448,3)
00003/0158 7 (256,448,3)
00003/0159 7 (256,448,3)
00003/0160 7 (256,448,3)
00003/0161 7 (256,448,3)
00003/0162 7 (256,448,3)
00003/0163 7 (256,448,3)
00003/0164 7 (256,448,3)
00003/0165 7 (256,448,3)
00003/0166 7 (256,448,3)
00003/0167 7 (256,448,3)
00003/0168 7 (256,448,3)
00003/0169 7 (256,448,3)
00003/0170 7 (256,448,3)
00003/0171 7 (256,448,3)
00003/0172 7 (256,448,3)
00003/0173 7 (256,448,3)
00003/0174 7 (256,448,3)
00003/0175 7 (256,448,3)
00003/0176 7 (256,448,3)
00003/0177 7 (256,448,3)
00003/0178 7 (256,448,3)
00003/0179 7 (256,448,3)
00003/0180 7 (256,448,3)
00003/0181 7 (256,448,3)
00003/0182 7 (256,448,3)
00003/0183 7 (256,448,3)
00003/0184 7 (256,448,3)
00003/0185 7 (256,448,3)
00003/0186 7 (256,448,3)
00003/0187 7 (256,448,3)
00003/0188 7 (256,448,3)
00003/0189 7 (256,448,3)
00003/0190 7 (256,448,3)
00003/0191 7 (256,448,3)
00003/0192 7 (256,448,3)
00003/0193 7 (256,448,3)
00003/0194 7 (256,448,3)
00003/0195 7 (256,448,3)
00003/0196 7 (256,448,3)
00003/0197 7 (256,448,3)
00003/0198 7 (256,448,3)
00003/0199 7 (256,448,3)
00003/0200 7 (256,448,3)
00003/0201 7 (256,448,3)
00003/0202 7 (256,448,3)
00003/0203 7 (256,448,3)
00003/0204 7 (256,448,3)
00003/0205 7 (256,448,3)
00003/0206 7 (256,448,3)
00003/0207 7 (256,448,3)
00003/0208 7 (256,448,3)
00003/0209 7 (256,448,3)
00003/0210 7 (256,448,3)
00003/0211 7 (256,448,3)
00003/0212 7 (256,448,3)
00003/0213 7 (256,448,3)
00003/0214 7 (256,448,3)
00003/0215 7 (256,448,3)
00003/0216 7 (256,448,3)
00003/0217 7 (256,448,3)
00003/0218 7 (256,448,3)
00003/0219 7 (256,448,3)
00003/0220 7 (256,448,3)
00003/0221 7 (256,448,3)
00003/0222 7 (256,448,3)
00003/0223 7 (256,448,3)
00003/0224 7 (256,448,3)
00003/0225 7 (256,448,3)
00003/0226 7 (256,448,3)
00003/0227 7 (256,448,3)
00003/0228 7 (256,448,3)
00003/0229 7 (256,448,3)
00003/0230 7 (256,448,3)
00003/0231 7 (256,448,3)
00003/0232 7 (256,448,3)
00003/0233 7 (256,448,3)
00003/0234 7 (256,448,3)
00003/0235 7 (256,448,3)
00003/0236 7 (256,448,3)
00003/0237 7 (256,448,3)
00003/0238 7 (256,448,3)
00003/0239 7 (256,448,3)
00003/0240 7 (256,448,3)
00003/0241 7 (256,448,3)
00003/0242 7 (256,448,3)
00003/0243 7 (256,448,3)
00003/0244 7 (256,448,3)
00003/0245 7 (256,448,3)
00003/0246 7 (256,448,3)
00003/0247 7 (256,448,3)
00003/0248 7 (256,448,3)
00003/0249 7 (256,448,3)
00003/0250 7 (256,448,3)
00003/0251 7 (256,448,3)
00003/0252 7 (256,448,3)
00003/0253 7 (256,448,3)
00003/0254 7 (256,448,3)
00003/0255 7 (256,448,3)
00003/0256 7 (256,448,3)
00003/0257 7 (256,448,3)
00003/0258 7 (256,448,3)
00003/0259 7 (256,448,3)
00003/0260 7 (256,448,3)
00003/0261 7 (256,448,3)
00003/0262 7 (256,448,3)
00003/0263 7 (256,448,3)
00003/0264 7 (256,448,3)
00003/0265 7 (256,448,3)
00003/0266 7 (256,448,3)
00003/0267 7 (256,448,3)
00003/0268 7 (256,448,3)
00003/0269 7 (256,448,3)
00003/0270 7 (256,448,3)
00003/0271 7 (256,448,3)
00003/0272 7 (256,448,3)
00003/0273 7 (256,448,3)
00003/0274 7 (256,448,3)
00003/0275 7 (256,448,3)
00003/0276 7 (256,448,3)
00003/0277 7 (256,448,3)
00003/0278 7 (256,448,3)
00003/0279 7 (256,448,3)
00003/0280 7 (256,448,3)
00003/0281 7 (256,448,3)
00003/0282 7 (256,448,3)
00003/0283 7 (256,448,3)
00003/0284 7 (256,448,3)
00003/0285 7 (256,448,3)
00003/0286 7 (256,448,3)
00003/0287 7 (256,448,3)
00003/0288 7 (256,448,3)
00003/0289 7 (256,448,3)
00003/0290 7 (256,448,3)
00003/0291 7 (256,448,3)
00003/0292 7 (256,448,3)
00003/0293 7 (256,448,3)
00003/0294 7 (256,448,3)
00003/0295 7 (256,448,3)
00003/0296 7 (256,448,3)
00003/0297 7 (256,448,3)
00003/0298 7 (256,448,3)
00003/0299 7 (256,448,3)
00003/0300 7 (256,448,3)
00003/0301 7 (256,448,3)
00003/0302 7 (256,448,3)
00003/0303 7 (256,448,3)
00003/0304 7 (256,448,3)
00003/0305 7 (256,448,3)
00003/0306 7 (256,448,3)
00003/0307 7 (256,448,3)
00003/0308 7 (256,448,3)
00003/0309 7 (256,448,3)
00003/0310 7 (256,448,3)
00003/0311 7 (256,448,3)
00003/0312 7 (256,448,3)
00003/0313 7 (256,448,3)
00003/0314 7 (256,448,3)
00003/0315 7 (256,448,3)
00003/0316 7 (256,448,3)
00003/0317 7 (256,448,3)
00003/0318 7 (256,448,3)
00003/0319 7 (256,448,3)
00003/0320 7 (256,448,3)
00003/0321 7 (256,448,3)
00003/0322 7 (256,448,3)
00003/0323 7 (256,448,3)
00003/0324 7 (256,448,3)
00003/0325 7 (256,448,3)
00003/0326 7 (256,448,3)
00003/0327 7 (256,448,3)
00003/0328 7 (256,448,3)
00003/0329 7 (256,448,3)
00003/0330 7 (256,448,3)
00003/0331 7 (256,448,3)
00003/0332 7 (256,448,3)
00003/0333 7 (256,448,3)
00003/0334 7 (256,448,3)
00003/0335 7 (256,448,3)
00003/0336 7 (256,448,3)
00003/0337 7 (256,448,3)
00003/0338 7 (256,448,3)
00003/0339 7 (256,448,3)
00003/0340 7 (256,448,3)
00003/0341 7 (256,448,3)
00003/0342 7 (256,448,3)
00003/0343 7 (256,448,3)
00003/0344 7 (256,448,3)
00003/0350 7 (256,448,3)
00003/0351 7 (256,448,3)
00003/0352 7 (256,448,3)
00003/0353 7 (256,448,3)
00003/0354 7 (256,448,3)
00003/0355 7 (256,448,3)
00003/0359 7 (256,448,3)
00003/0360 7 (256,448,3)
00003/0361 7 (256,448,3)
00003/0362 7 (256,448,3)
00003/0363 7 (256,448,3)
00003/0364 7 (256,448,3)
00003/0365 7 (256,448,3)
00003/0366 7 (256,448,3)
00003/0367 7 (256,448,3)
00003/0368 7 (256,448,3)
00003/0369 7 (256,448,3)
00003/0370 7 (256,448,3)
00003/0371 7 (256,448,3)
00003/0373 7 (256,448,3)
00003/0374 7 (256,448,3)
00003/0375 7 (256,448,3)
00003/0376 7 (256,448,3)
00003/0377 7 (256,448,3)
00003/0378 7 (256,448,3)
00003/0379 7 (256,448,3)
00003/0380 7 (256,448,3)
00003/0381 7 (256,448,3)
00003/0382 7 (256,448,3)
00003/0383 7 (256,448,3)
00003/0384 7 (256,448,3)
00003/0385 7 (256,448,3)
00003/0386 7 (256,448,3)
00003/0387 7 (256,448,3)
00003/0388 7 (256,448,3)
00003/0389 7 (256,448,3)
00003/0390 7 (256,448,3)
00003/0391 7 (256,448,3)
00003/0392 7 (256,448,3)
00003/0393 7 (256,448,3)
00003/0394 7 (256,448,3)
00003/0395 7 (256,448,3)
00003/0396 7 (256,448,3)
00003/0397 7 (256,448,3)
00003/0398 7 (256,448,3)
00003/0399 7 (256,448,3)
00003/0400 7 (256,448,3)
00003/0401 7 (256,448,3)
00003/0402 7 (256,448,3)
00003/0403 7 (256,448,3)
00003/0404 7 (256,448,3)
00003/0405 7 (256,448,3)
00003/0406 7 (256,448,3)
00003/0407 7 (256,448,3)
00003/0408 7 (256,448,3)
00003/0409 7 (256,448,3)
00003/0410 7 (256,448,3)
00003/0411 7 (256,448,3)
00003/0412 7 (256,448,3)
00003/0413 7 (256,448,3)
00003/0414 7 (256,448,3)
00003/0415 7 (256,448,3)
00003/0416 7 (256,448,3)
00003/0417 7 (256,448,3)
00003/0418 7 (256,448,3)
00003/0419 7 (256,448,3)
00003/0420 7 (256,448,3)
00003/0421 7 (256,448,3)
00003/0422 7 (256,448,3)
00003/0423 7 (256,448,3)
00003/0424 7 (256,448,3)
00003/0425 7 (256,448,3)
00003/0426 7 (256,448,3)
00003/0427 7 (256,448,3)
00003/0428 7 (256,448,3)
00003/0429 7 (256,448,3)
00003/0430 7 (256,448,3)
00003/0431 7 (256,448,3)
00003/0432 7 (256,448,3)
00003/0433 7 (256,448,3)
00003/0434 7 (256,448,3)
00003/0435 7 (256,448,3)
00003/0436 7 (256,448,3)
00003/0437 7 (256,448,3)
00003/0438 7 (256,448,3)
00003/0439 7 (256,448,3)
00003/0440 7 (256,448,3)
00003/0441 7 (256,448,3)
00003/0442 7 (256,448,3)
00003/0443 7 (256,448,3)
00003/0444 7 (256,448,3)
00003/0445 7 (256,448,3)
00003/0446 7 (256,448,3)
00003/0447 7 (256,448,3)
00003/0448 7 (256,448,3)
00003/0449 7 (256,448,3)
00003/0450 7 (256,448,3)
00003/0451 7 (256,448,3)
00003/0452 7 (256,448,3)
00003/0453 7 (256,448,3)
00003/0454 7 (256,448,3)
00003/0455 7 (256,448,3)
00003/0456 7 (256,448,3)
00003/0457 7 (256,448,3)
00003/0458 7 (256,448,3)
00003/0459 7 (256,448,3)
00003/0460 7 (256,448,3)
00003/0461 7 (256,448,3)
00003/0462 7 (256,448,3)
00003/0463 7 (256,448,3)
00003/0464 7 (256,448,3)
00003/0465 7 (256,448,3)
00003/0466 7 (256,448,3)
00003/0467 7 (256,448,3)
00003/0468 7 (256,448,3)
00003/0469 7 (256,448,3)
00003/0470 7 (256,448,3)
00003/0471 7 (256,448,3)
00003/0472 7 (256,448,3)
00003/0473 7 (256,448,3)
00003/0474 7 (256,448,3)
00003/0475 7 (256,448,3)
00003/0476 7 (256,448,3)
00003/0477 7 (256,448,3)
00003/0478 7 (256,448,3)
00003/0479 7 (256,448,3)
00003/0480 7 (256,448,3)
00003/0481 7 (256,448,3)
00003/0482 7 (256,448,3)
00003/0483 7 (256,448,3)
00003/0484 7 (256,448,3)
00003/0485 7 (256,448,3)
00003/0486 7 (256,448,3)
00003/0487 7 (256,448,3)
00003/0488 7 (256,448,3)
00003/0489 7 (256,448,3)
00003/0490 7 (256,448,3)
00003/0491 7 (256,448,3)
00003/0492 7 (256,448,3)
00003/0493 7 (256,448,3)
00003/0494 7 (256,448,3)
00003/0495 7 (256,448,3)
00003/0496 7 (256,448,3)
00003/0497 7 (256,448,3)
00003/0498 7 (256,448,3)
00003/0538 7 (256,448,3)
00003/0539 7 (256,448,3)
00003/0540 7 (256,448,3)
00003/0541 7 (256,448,3)
00003/0542 7 (256,448,3)
00003/0543 7 (256,448,3)
00003/0544 7 (256,448,3)
00003/0545 7 (256,448,3)
00003/0546 7 (256,448,3)
00003/0547 7 (256,448,3)
00003/0548 7 (256,448,3)
00003/0549 7 (256,448,3)
00003/0550 7 (256,448,3)
00003/0551 7 (256,448,3)
00003/0552 7 (256,448,3)
00003/0553 7 (256,448,3)
00003/0554 7 (256,448,3)
00003/0555 7 (256,448,3)
00003/0556 7 (256,448,3)
00003/0557 7 (256,448,3)
00003/0558 7 (256,448,3)
00003/0559 7 (256,448,3)
00003/0560 7 (256,448,3)
00003/0561 7 (256,448,3)
00003/0562 7 (256,448,3)
00003/0563 7 (256,448,3)
00003/0564 7 (256,448,3)
00003/0565 7 (256,448,3)
00003/0566 7 (256,448,3)
00003/0567 7 (256,448,3)
00003/0568 7 (256,448,3)
00003/0569 7 (256,448,3)
00003/0570 7 (256,448,3)
00003/0571 7 (256,448,3)
00003/0572 7 (256,448,3)
00003/0573 7 (256,448,3)
00003/0574 7 (256,448,3)
00003/0575 7 (256,448,3)
00003/0576 7 (256,448,3)
00003/0577 7 (256,448,3)
00003/0578 7 (256,448,3)
00003/0579 7 (256,448,3)
00003/0580 7 (256,448,3)
00003/0581 7 (256,448,3)
00003/0582 7 (256,448,3)
00003/0583 7 (256,448,3)
00003/0584 7 (256,448,3)
00003/0585 7 (256,448,3)
00003/0586 7 (256,448,3)
00003/0587 7 (256,448,3)
00003/0588 7 (256,448,3)
00003/0589 7 (256,448,3)
00003/0590 7 (256,448,3)
00003/0591 7 (256,448,3)
00003/0592 7 (256,448,3)
00003/0593 7 (256,448,3)
00003/0594 7 (256,448,3)
00003/0595 7 (256,448,3)
00003/0596 7 (256,448,3)
00003/0597 7 (256,448,3)
00003/0598 7 (256,448,3)
00003/0599 7 (256,448,3)
00003/0600 7 (256,448,3)
00003/0601 7 (256,448,3)
00003/0602 7 (256,448,3)
00003/0603 7 (256,448,3)
00003/0604 7 (256,448,3)
00003/0605 7 (256,448,3)
00003/0606 7 (256,448,3)
00003/0607 7 (256,448,3)
00003/0608 7 (256,448,3)
00003/0609 7 (256,448,3)
00003/0610 7 (256,448,3)
00003/0611 7 (256,448,3)
00003/0612 7 (256,448,3)
00003/0613 7 (256,448,3)
00003/0614 7 (256,448,3)
00003/0615 7 (256,448,3)
00003/0616 7 (256,448,3)
00003/0617 7 (256,448,3)
00003/0618 7 (256,448,3)
00003/0619 7 (256,448,3)
00003/0620 7 (256,448,3)
00003/0621 7 (256,448,3)
00003/0622 7 (256,448,3)
00003/0623 7 (256,448,3)
00003/0624 7 (256,448,3)
00003/0625 7 (256,448,3)
00003/0626 7 (256,448,3)
00003/0627 7 (256,448,3)
00003/0628 7 (256,448,3)
00003/0629 7 (256,448,3)
00003/0630 7 (256,448,3)
00003/0631 7 (256,448,3)
00003/0632 7 (256,448,3)
00003/0633 7 (256,448,3)
00003/0634 7 (256,448,3)
00003/0635 7 (256,448,3)
00003/0636 7 (256,448,3)
00003/0637 7 (256,448,3)
00003/0638 7 (256,448,3)
00003/0639 7 (256,448,3)
00003/0640 7 (256,448,3)
00003/0641 7 (256,448,3)
00003/0642 7 (256,448,3)
00003/0643 7 (256,448,3)
00003/0644 7 (256,448,3)
00003/0645 7 (256,448,3)
00003/0722 7 (256,448,3)
00003/0723 7 (256,448,3)
00003/0724 7 (256,448,3)
00003/0725 7 (256,448,3)
00003/0726 7 (256,448,3)
00003/0727 7 (256,448,3)
00003/0728 7 (256,448,3)
00003/0729 7 (256,448,3)
00003/0730 7 (256,448,3)
00003/0731 7 (256,448,3)
00003/0732 7 (256,448,3)
00003/0733 7 (256,448,3)
00003/0734 7 (256,448,3)
00003/0735 7 (256,448,3)
00003/0736 7 (256,448,3)
00003/0737 7 (256,448,3)
00003/0738 7 (256,448,3)
00003/0739 7 (256,448,3)
00003/0740 7 (256,448,3)
00003/0741 7 (256,448,3)
00003/0756 7 (256,448,3)
00003/0757 7 (256,448,3)
00003/0758 7 (256,448,3)
00003/0759 7 (256,448,3)
00003/0760 7 (256,448,3)
00003/0761 7 (256,448,3)
00003/0762 7 (256,448,3)
00003/0763 7 (256,448,3)
00003/0764 7 (256,448,3)
00003/0765 7 (256,448,3)
00003/0766 7 (256,448,3)
00003/0767 7 (256,448,3)
00003/0768 7 (256,448,3)
00003/0769 7 (256,448,3)
00003/0770 7 (256,448,3)
00003/0771 7 (256,448,3)
00003/0772 7 (256,448,3)
00003/0773 7 (256,448,3)
00003/0774 7 (256,448,3)
00003/0775 7 (256,448,3)
00003/0776 7 (256,448,3)
00003/0777 7 (256,448,3)
00003/0778 7 (256,448,3)
00003/0779 7 (256,448,3)
00003/0780 7 (256,448,3)
00003/0781 7 (256,448,3)
00003/0782 7 (256,448,3)
00003/0783 7 (256,448,3)
00003/0784 7 (256,448,3)
00003/0785 7 (256,448,3)
00003/0786 7 (256,448,3)
00003/0787 7 (256,448,3)
00003/0788 7 (256,448,3)
00003/0789 7 (256,448,3)
00003/0790 7 (256,448,3)
00003/0791 7 (256,448,3)
00003/0792 7 (256,448,3)
00003/0793 7 (256,448,3)
00003/0794 7 (256,448,3)
00003/0795 7 (256,448,3)
00003/0796 7 (256,448,3)
00003/0797 7 (256,448,3)
00003/0798 7 (256,448,3)
00003/0799 7 (256,448,3)
00003/0800 7 (256,448,3)
00003/0801 7 (256,448,3)
00003/0802 7 (256,448,3)
00003/0803 7 (256,448,3)
00003/0804 7 (256,448,3)
00003/0805 7 (256,448,3)
00003/0806 7 (256,448,3)
00003/0807 7 (256,448,3)
00003/0808 7 (256,448,3)
00003/0809 7 (256,448,3)
00003/0810 7 (256,448,3)
00003/0811 7 (256,448,3)
00003/0812 7 (256,448,3)
00003/0813 7 (256,448,3)
00003/0814 7 (256,448,3)
00003/0815 7 (256,448,3)
00003/0816 7 (256,448,3)
00003/0817 7 (256,448,3)
00003/0818 7 (256,448,3)
00003/0819 7 (256,448,3)
00003/0820 7 (256,448,3)
00003/0821 7 (256,448,3)
00003/0822 7 (256,448,3)
00003/0823 7 (256,448,3)
00003/0824 7 (256,448,3)
00003/0825 7 (256,448,3)
00003/0826 7 (256,448,3)
00003/0827 7 (256,448,3)
00003/0828 7 (256,448,3)
00003/0831 7 (256,448,3)
00003/0832 7 (256,448,3)
00003/0833 7 (256,448,3)
00003/0834 7 (256,448,3)
00003/0835 7 (256,448,3)
00003/0836 7 (256,448,3)
00003/0837 7 (256,448,3)
00003/0838 7 (256,448,3)
00003/0839 7 (256,448,3)
00003/0840 7 (256,448,3)
00003/0841 7 (256,448,3)
00003/0842 7 (256,448,3)
00003/0843 7 (256,448,3)
00003/0844 7 (256,448,3)
00003/0845 7 (256,448,3)
00003/0846 7 (256,448,3)
00003/0847 7 (256,448,3)
00003/0848 7 (256,448,3)
00003/0849 7 (256,448,3)
00003/0850 7 (256,448,3)
00003/0851 7 (256,448,3)
00003/0852 7 (256,448,3)
00003/0853 7 (256,448,3)
00003/0854 7 (256,448,3)
00003/0855 7 (256,448,3)
00003/0856 7 (256,448,3)
00003/0857 7 (256,448,3)
00003/0858 7 (256,448,3)
00003/0859 7 (256,448,3)
00003/0860 7 (256,448,3)
00003/0861 7 (256,448,3)
00003/0862 7 (256,448,3)
00003/0863 7 (256,448,3)
00003/0864 7 (256,448,3)
00003/0865 7 (256,448,3)
00003/0866 7 (256,448,3)
00003/0867 7 (256,448,3)
00003/0868 7 (256,448,3)
00003/0869 7 (256,448,3)
00003/0870 7 (256,448,3)
00003/0871 7 (256,448,3)
00003/0872 7 (256,448,3)
00003/0873 7 (256,448,3)
00003/0874 7 (256,448,3)
00003/0875 7 (256,448,3)
00003/0876 7 (256,448,3)
00003/0877 7 (256,448,3)
00003/0878 7 (256,448,3)
00003/0879 7 (256,448,3)
00003/0880 7 (256,448,3)
00003/0881 7 (256,448,3)
00003/0882 7 (256,448,3)
00003/0883 7 (256,448,3)
00003/0884 7 (256,448,3)
00003/0885 7 (256,448,3)
00003/0886 7 (256,448,3)
00003/0887 7 (256,448,3)
00003/0888 7 (256,448,3)
00003/0889 7 (256,448,3)
00003/0890 7 (256,448,3)
00003/0891 7 (256,448,3)
00003/0892 7 (256,448,3)
00003/0893 7 (256,448,3)
00003/0894 7 (256,448,3)
00003/0895 7 (256,448,3)
00003/0896 7 (256,448,3)
00003/0897 7 (256,448,3)
00003/0898 7 (256,448,3)
00003/0899 7 (256,448,3)
00003/0900 7 (256,448,3)
00003/0901 7 (256,448,3)
00003/0902 7 (256,448,3)
00003/0903 7 (256,448,3)
00003/0904 7 (256,448,3)
00003/0905 7 (256,448,3)
00003/0906 7 (256,448,3)
00003/0907 7 (256,448,3)
00003/0908 7 (256,448,3)
00003/0909 7 (256,448,3)
00003/0910 7 (256,448,3)
00003/0911 7 (256,448,3)
00003/0912 7 (256,448,3)
00003/0913 7 (256,448,3)
00003/0914 7 (256,448,3)
00003/0915 7 (256,448,3)
00003/0939 7 (256,448,3)
00003/0940 7 (256,448,3)
00003/0941 7 (256,448,3)
00003/0942 7 (256,448,3)
00003/0943 7 (256,448,3)
00003/0944 7 (256,448,3)
00003/0945 7 (256,448,3)
00003/0946 7 (256,448,3)
00003/0947 7 (256,448,3)
00003/0948 7 (256,448,3)
00003/0949 7 (256,448,3)
00003/0950 7 (256,448,3)
00004/0049 7 (256,448,3)
00004/0050 7 (256,448,3)
00004/0051 7 (256,448,3)
00004/0052 7 (256,448,3)
00004/0053 7 (256,448,3)
00004/0054 7 (256,448,3)
00004/0055 7 (256,448,3)
00004/0056 7 (256,448,3)
00004/0057 7 (256,448,3)
00004/0058 7 (256,448,3)
00004/0059 7 (256,448,3)
00004/0060 7 (256,448,3)
00004/0061 7 (256,448,3)
00004/0062 7 (256,448,3)
00004/0063 7 (256,448,3)
00004/0064 7 (256,448,3)
00004/0065 7 (256,448,3)
00004/0066 7 (256,448,3)
00004/0067 7 (256,448,3)
00004/0068 7 (256,448,3)
00004/0069 7 (256,448,3)
00004/0070 7 (256,448,3)
00004/0071 7 (256,448,3)
00004/0072 7 (256,448,3)
00004/0073 7 (256,448,3)
00004/0074 7 (256,448,3)
00004/0075 7 (256,448,3)
00004/0076 7 (256,448,3)
00004/0077 7 (256,448,3)
00004/0078 7 (256,448,3)
00004/0079 7 (256,448,3)
00004/0080 7 (256,448,3)
00004/0081 7 (256,448,3)
00004/0082 7 (256,448,3)
00004/0083 7 (256,448,3)
00004/0084 7 (256,448,3)
00004/0085 7 (256,448,3)
00004/0086 7 (256,448,3)
00004/0087 7 (256,448,3)
00004/0088 7 (256,448,3)
00004/0089 7 (256,448,3)
00004/0090 7 (256,448,3)
00004/0091 7 (256,448,3)
00004/0092 7 (256,448,3)
00004/0093 7 (256,448,3)
00004/0094 7 (256,448,3)
00004/0095 7 (256,448,3)
00004/0096 7 (256,448,3)
00004/0097 7 (256,448,3)
00004/0098 7 (256,448,3)
00004/0099 7 (256,448,3)
00004/0100 7 (256,448,3)
00004/0101 7 (256,448,3)
00004/0102 7 (256,448,3)
00004/0103 7 (256,448,3)
00004/0104 7 (256,448,3)
00004/0105 7 (256,448,3)
00004/0106 7 (256,448,3)
00004/0107 7 (256,448,3)
00004/0108 7 (256,448,3)
00004/0109 7 (256,448,3)
00004/0110 7 (256,448,3)
00004/0111 7 (256,448,3)
00004/0112 7 (256,448,3)
00004/0113 7 (256,448,3)
00004/0114 7 (256,448,3)
00004/0115 7 (256,448,3)
00004/0116 7 (256,448,3)
00004/0117 7 (256,448,3)
00004/0118 7 (256,448,3)
00004/0119 7 (256,448,3)
00004/0120 7 (256,448,3)
00004/0121 7 (256,448,3)
00004/0122 7 (256,448,3)
00004/0123 7 (256,448,3)
00004/0124 7 (256,448,3)
00004/0125 7 (256,448,3)
00004/0126 7 (256,448,3)
00004/0127 7 (256,448,3)
00004/0128 7 (256,448,3)
00004/0129 7 (256,448,3)
00004/0130 7 (256,448,3)
00004/0131 7 (256,448,3)
00004/0132 7 (256,448,3)
00004/0133 7 (256,448,3)
00004/0134 7 (256,448,3)
00004/0135 7 (256,448,3)
00004/0136 7 (256,448,3)
00004/0137 7 (256,448,3)
00004/0138 7 (256,448,3)
00004/0139 7 (256,448,3)
00004/0140 7 (256,448,3)
00004/0141 7 (256,448,3)
00004/0142 7 (256,448,3)
00004/0143 7 (256,448,3)
00004/0144 7 (256,448,3)
00004/0145 7 (256,448,3)
00004/0146 7 (256,448,3)
00004/0147 7 (256,448,3)
00004/0148 7 (256,448,3)
00004/0149 7 (256,448,3)
00004/0175 7 (256,448,3)
00004/0176 7 (256,448,3)
00004/0177 7 (256,448,3)
00004/0178 7 (256,448,3)
00004/0179 7 (256,448,3)
00004/0180 7 (256,448,3)
00004/0181 7 (256,448,3)
00004/0182 7 (256,448,3)
00004/0183 7 (256,448,3)
00004/0184 7 (256,448,3)
00004/0185 7 (256,448,3)
00004/0186 7 (256,448,3)
00004/0187 7 (256,448,3)
00004/0188 7 (256,448,3)
00004/0189 7 (256,448,3)
00004/0190 7 (256,448,3)
00004/0191 7 (256,448,3)
00004/0192 7 (256,448,3)
00004/0193 7 (256,448,3)
00004/0194 7 (256,448,3)
00004/0195 7 (256,448,3)
00004/0196 7 (256,448,3)
00004/0197 7 (256,448,3)
00004/0198 7 (256,448,3)
00004/0199 7 (256,448,3)
00004/0200 7 (256,448,3)
00004/0201 7 (256,448,3)
00004/0202 7 (256,448,3)
00004/0203 7 (256,448,3)
00004/0204 7 (256,448,3)
00004/0205 7 (256,448,3)
00004/0206 7 (256,448,3)
00004/0207 7 (256,448,3)
00004/0208 7 (256,448,3)
00004/0209 7 (256,448,3)
00004/0210 7 (256,448,3)
00004/0211 7 (256,448,3)
00004/0212 7 (256,448,3)
00004/0213 7 (256,448,3)
00004/0214 7 (256,448,3)
00004/0215 7 (256,448,3)
00004/0216 7 (256,448,3)
00004/0217 7 (256,448,3)
00004/0218 7 (256,448,3)
00004/0219 7 (256,448,3)
00004/0220 7 (256,448,3)
00004/0221 7 (256,448,3)
00004/0222 7 (256,448,3)
00004/0223 7 (256,448,3)
00004/0224 7 (256,448,3)
00004/0225 7 (256,448,3)
00004/0226 7 (256,448,3)
00004/0227 7 (256,448,3)
00004/0228 7 (256,448,3)
00004/0229 7 (256,448,3)
00004/0230 7 (256,448,3)
00004/0231 7 (256,448,3)
00004/0232 7 (256,448,3)
00004/0233 7 (256,448,3)
00004/0234 7 (256,448,3)
00004/0235 7 (256,448,3)
00004/0236 7 (256,448,3)
00004/0237 7 (256,448,3)
00004/0238 7 (256,448,3)
00004/0239 7 (256,448,3)
00004/0240 7 (256,448,3)
00004/0241 7 (256,448,3)
00004/0242 7 (256,448,3)
00004/0243 7 (256,448,3)
00004/0244 7 (256,448,3)
00004/0245 7 (256,448,3)
00004/0246 7 (256,448,3)
00004/0247 7 (256,448,3)
00004/0248 7 (256,448,3)
00004/0249 7 (256,448,3)
00004/0250 7 (256,448,3)
00004/0251 7 (256,448,3)
00004/0252 7 (256,448,3)
00004/0253 7 (256,448,3)
00004/0254 7 (256,448,3)
00004/0255 7 (256,448,3)
00004/0256 7 (256,448,3)
00004/0257 7 (256,448,3)
00004/0258 7 (256,448,3)
00004/0259 7 (256,448,3)
00004/0260 7 (256,448,3)
00004/0261 7 (256,448,3)
00004/0262 7 (256,448,3)
00004/0263 7 (256,448,3)
00004/0264 7 (256,448,3)
00004/0265 7 (256,448,3)
00004/0266 7 (256,448,3)
00004/0267 7 (256,448,3)
00004/0268 7 (256,448,3)
00004/0269 7 (256,448,3)
00004/0270 7 (256,448,3)
00004/0271 7 (256,448,3)
00004/0272 7 (256,448,3)
00004/0273 7 (256,448,3)
00004/0274 7 (256,448,3)
00004/0275 7 (256,448,3)
00004/0276 7 (256,448,3)
00004/0277 7 (256,448,3)
00004/0278 7 (256,448,3)
00004/0279 7 (256,448,3)
00004/0280 7 (256,448,3)
00004/0281 7 (256,448,3)
00004/0282 7 (256,448,3)
00004/0283 7 (256,448,3)
00004/0284 7 (256,448,3)
00004/0285 7 (256,448,3)
00004/0286 7 (256,448,3)
00004/0287 7 (256,448,3)
00004/0290 7 (256,448,3)
00004/0291 7 (256,448,3)
00004/0292 7 (256,448,3)
00004/0293 7 (256,448,3)
00004/0294 7 (256,448,3)
00004/0295 7 (256,448,3)
00004/0296 7 (256,448,3)
00004/0297 7 (256,448,3)
00004/0298 7 (256,448,3)
00004/0299 7 (256,448,3)
00004/0300 7 (256,448,3)
00004/0326 7 (256,448,3)
00004/0327 7 (256,448,3)
00004/0328 7 (256,448,3)
00004/0329 7 (256,448,3)
00004/0330 7 (256,448,3)
00004/0331 7 (256,448,3)
00004/0332 7 (256,448,3)
00004/0333 7 (256,448,3)
00004/0334 7 (256,448,3)
00004/0335 7 (256,448,3)
00004/0336 7 (256,448,3)
00004/0337 7 (256,448,3)
00004/0338 7 (256,448,3)
00004/0339 7 (256,448,3)
00004/0340 7 (256,448,3)
00004/0341 7 (256,448,3)
00004/0342 7 (256,448,3)
00004/0343 7 (256,448,3)
00004/0344 7 (256,448,3)
00004/0345 7 (256,448,3)
00004/0346 7 (256,448,3)
00004/0347 7 (256,448,3)
00004/0348 7 (256,448,3)
00004/0349 7 (256,448,3)
00004/0350 7 (256,448,3)
00004/0351 7 (256,448,3)
00004/0352 7 (256,448,3)
00004/0353 7 (256,448,3)
00004/0354 7 (256,448,3)
00004/0355 7 (256,448,3)
00004/0356 7 (256,448,3)
00004/0357 7 (256,448,3)
00004/0358 7 (256,448,3)
00004/0359 7 (256,448,3)
00004/0360 7 (256,448,3)
00004/0361 7 (256,448,3)
00004/0362 7 (256,448,3)
00004/0363 7 (256,448,3)
00004/0364 7 (256,448,3)
00004/0365 7 (256,448,3)
00004/0366 7 (256,448,3)
00004/0367 7 (256,448,3)
00004/0368 7 (256,448,3)
00004/0369 7 (256,448,3)
00004/0370 7 (256,448,3)
00004/0371 7 (256,448,3)
00004/0372 7 (256,448,3)
00004/0373 7 (256,448,3)
00004/0374 7 (256,448,3)
00004/0375 7 (256,448,3)
00004/0376 7 (256,448,3)
00004/0377 7 (256,448,3)
00004/0378 7 (256,448,3)
00004/0379 7 (256,448,3)
00004/0380 7 (256,448,3)
00004/0381 7 (256,448,3)
00004/0382 7 (256,448,3)
00004/0383 7 (256,448,3)
00004/0384 7 (256,448,3)
00004/0385 7 (256,448,3)
00004/0386 7 (256,448,3)
00004/0387 7 (256,448,3)
00004/0388 7 (256,448,3)
00004/0389 7 (256,448,3)
00004/0390 7 (256,448,3)
00004/0391 7 (256,448,3)
00004/0392 7 (256,448,3)
00004/0393 7 (256,448,3)
00004/0394 7 (256,448,3)
00004/0395 7 (256,448,3)
00004/0396 7 (256,448,3)
00004/0397 7 (256,448,3)
00004/0398 7 (256,448,3)
00004/0399 7 (256,448,3)
00004/0400 7 (256,448,3)
00004/0401 7 (256,448,3)
00004/0402 7 (256,448,3)
00004/0403 7 (256,448,3)
00004/0404 7 (256,448,3)
00004/0405 7 (256,448,3)
00004/0406 7 (256,448,3)
00004/0407 7 (256,448,3)
00004/0408 7 (256,448,3)
00004/0409 7 (256,448,3)
00004/0410 7 (256,448,3)
00004/0411 7 (256,448,3)
00004/0412 7 (256,448,3)
00004/0413 7 (256,448,3)
00004/0414 7 (256,448,3)
00004/0415 7 (256,448,3)
00004/0416 7 (256,448,3)
00004/0417 7 (256,448,3)
00004/0418 7 (256,448,3)
00004/0419 7 (256,448,3)
00004/0420 7 (256,448,3)
00004/0421 7 (256,448,3)
00004/0422 7 (256,448,3)
00004/0423 7 (256,448,3)
00004/0424 7 (256,448,3)
00004/0425 7 (256,448,3)
00004/0426 7 (256,448,3)
00004/0427 7 (256,448,3)
00004/0428 7 (256,448,3)
00004/0429 7 (256,448,3)
00004/0430 7 (256,448,3)
00004/0431 7 (256,448,3)
00004/0432 7 (256,448,3)
00004/0433 7 (256,448,3)
00004/0434 7 (256,448,3)
00004/0435 7 (256,448,3)
00004/0436 7 (256,448,3)
00004/0437 7 (256,448,3)
00004/0438 7 (256,448,3)
00004/0439 7 (256,448,3)
00004/0440 7 (256,448,3)
00004/0441 7 (256,448,3)
00004/0442 7 (256,448,3)
00004/0443 7 (256,448,3)
00004/0444 7 (256,448,3)
00004/0445 7 (256,448,3)
00004/0446 7 (256,448,3)
00004/0447 7 (256,448,3)
00004/0448 7 (256,448,3)
00004/0449 7 (256,448,3)
00004/0450 7 (256,448,3)
00004/0451 7 (256,448,3)
00004/0452 7 (256,448,3)
00004/0453 7 (256,448,3)
00004/0454 7 (256,448,3)
00004/0455 7 (256,448,3)
00004/0456 7 (256,448,3)
00004/0457 7 (256,448,3)
00004/0458 7 (256,448,3)
00004/0459 7 (256,448,3)
00004/0460 7 (256,448,3)
00004/0461 7 (256,448,3)
00004/0462 7 (256,448,3)
00004/0463 7 (256,448,3)
00004/0464 7 (256,448,3)
00004/0465 7 (256,448,3)
00004/0466 7 (256,448,3)
00004/0467 7 (256,448,3)
00004/0468 7 (256,448,3)
00004/0469 7 (256,448,3)
00004/0470 7 (256,448,3)
00004/0471 7 (256,448,3)
00004/0472 7 (256,448,3)
00004/0473 7 (256,448,3)
00004/0474 7 (256,448,3)
00004/0475 7 (256,448,3)
00004/0476 7 (256,448,3)
00004/0477 7 (256,448,3)
00004/0478 7 (256,448,3)
00004/0479 7 (256,448,3)
00004/0480 7 (256,448,3)
00004/0481 7 (256,448,3)
00004/0482 7 (256,448,3)
00004/0483 7 (256,448,3)
00004/0484 7 (256,448,3)
00004/0485 7 (256,448,3)
00004/0486 7 (256,448,3)
00004/0487 7 (256,448,3)
00004/0488 7 (256,448,3)
00004/0489 7 (256,448,3)
00004/0490 7 (256,448,3)
00004/0491 7 (256,448,3)
00004/0492 7 (256,448,3)
00004/0493 7 (256,448,3)
00004/0494 7 (256,448,3)
00004/0495 7 (256,448,3)
00004/0496 7 (256,448,3)
00004/0497 7 (256,448,3)
00004/0498 7 (256,448,3)
00004/0499 7 (256,448,3)
00004/0500 7 (256,448,3)
00004/0501 7 (256,448,3)
00004/0502 7 (256,448,3)
00004/0503 7 (256,448,3)
00004/0504 7 (256,448,3)
00004/0505 7 (256,448,3)
00004/0506 7 (256,448,3)
00004/0507 7 (256,448,3)
00004/0508 7 (256,448,3)
00004/0509 7 (256,448,3)
00004/0510 7 (256,448,3)
00004/0511 7 (256,448,3)
00004/0512 7 (256,448,3)
00004/0513 7 (256,448,3)
00004/0514 7 (256,448,3)
00004/0515 7 (256,448,3)
00004/0516 7 (256,448,3)
00004/0517 7 (256,448,3)
00004/0518 7 (256,448,3)
00004/0519 7 (256,448,3)
00004/0520 7 (256,448,3)
00004/0521 7 (256,448,3)
00004/0522 7 (256,448,3)
00004/0523 7 (256,448,3)
00004/0524 7 (256,448,3)
00004/0525 7 (256,448,3)
00004/0526 7 (256,448,3)
00004/0527 7 (256,448,3)
00004/0528 7 (256,448,3)
00004/0529 7 (256,448,3)
00004/0530 7 (256,448,3)
00004/0531 7 (256,448,3)
00004/0532 7 (256,448,3)
00004/0533 7 (256,448,3)
00004/0534 7 (256,448,3)
00004/0535 7 (256,448,3)
00004/0536 7 (256,448,3)
00004/0537 7 (256,448,3)
00004/0538 7 (256,448,3)
00004/0539 7 (256,448,3)
00004/0540 7 (256,448,3)
00004/0541 7 (256,448,3)
00004/0542 7 (256,448,3)
00004/0543 7 (256,448,3)
00004/0544 7 (256,448,3)
00004/0545 7 (256,448,3)
00004/0546 7 (256,448,3)
00004/0547 7 (256,448,3)
00004/0548 7 (256,448,3)
00004/0549 7 (256,448,3)
00004/0550 7 (256,448,3)
00004/0551 7 (256,448,3)
00004/0552 7 (256,448,3)
00004/0553 7 (256,448,3)
00004/0554 7 (256,448,3)
00004/0555 7 (256,448,3)
00004/0556 7 (256,448,3)
00004/0557 7 (256,448,3)
00004/0558 7 (256,448,3)
00004/0559 7 (256,448,3)
00004/0560 7 (256,448,3)
00004/0577 7 (256,448,3)
00004/0578 7 (256,448,3)
00004/0579 7 (256,448,3)
00004/0580 7 (256,448,3)
00004/0581 7 (256,448,3)
00004/0582 7 (256,448,3)
00004/0583 7 (256,448,3)
00004/0584 7 (256,448,3)
00004/0585 7 (256,448,3)
00004/0586 7 (256,448,3)
00004/0587 7 (256,448,3)
00004/0588 7 (256,448,3)
00004/0596 7 (256,448,3)
00004/0597 7 (256,448,3)
00004/0598 7 (256,448,3)
00004/0599 7 (256,448,3)
00004/0600 7 (256,448,3)
00004/0601 7 (256,448,3)
00004/0602 7 (256,448,3)
00004/0603 7 (256,448,3)
00004/0604 7 (256,448,3)
00004/0605 7 (256,448,3)
00004/0606 7 (256,448,3)
00004/0607 7 (256,448,3)
00004/0608 7 (256,448,3)
00004/0609 7 (256,448,3)
00004/0629 7 (256,448,3)
00004/0630 7 (256,448,3)
00004/0631 7 (256,448,3)
00004/0632 7 (256,448,3)
00004/0633 7 (256,448,3)
00004/0634 7 (256,448,3)
00004/0635 7 (256,448,3)
00004/0636 7 (256,448,3)
00004/0637 7 (256,448,3)
00004/0638 7 (256,448,3)
00004/0639 7 (256,448,3)
00004/0640 7 (256,448,3)
00004/0641 7 (256,448,3)
00004/0642 7 (256,448,3)
00004/0643 7 (256,448,3)
00004/0644 7 (256,448,3)
00004/0645 7 (256,448,3)
00004/0646 7 (256,448,3)
00004/0647 7 (256,448,3)
00004/0648 7 (256,448,3)
00004/0649 7 (256,448,3)
00004/0650 7 (256,448,3)
00004/0651 7 (256,448,3)
00004/0652 7 (256,448,3)
00004/0653 7 (256,448,3)
00004/0654 7 (256,448,3)
00004/0655 7 (256,448,3)
00004/0656 7 (256,448,3)
00004/0657 7 (256,448,3)
00004/0658 7 (256,448,3)
00004/0659 7 (256,448,3)
00004/0660 7 (256,448,3)
00004/0661 7 (256,448,3)
00004/0662 7 (256,448,3)
00004/0663 7 (256,448,3)
00004/0664 7 (256,448,3)
00004/0665 7 (256,448,3)
00004/0666 7 (256,448,3)
00004/0667 7 (256,448,3)
00004/0668 7 (256,448,3)
00004/0669 7 (256,448,3)
00004/0670 7 (256,448,3)
00004/0671 7 (256,448,3)
00004/0672 7 (256,448,3)
00004/0673 7 (256,448,3)
00004/0674 7 (256,448,3)
00004/0675 7 (256,448,3)
00004/0676 7 (256,448,3)
00004/0677 7 (256,448,3)
00004/0678 7 (256,448,3)
00004/0679 7 (256,448,3)
00004/0680 7 (256,448,3)
00004/0681 7 (256,448,3)
00004/0682 7 (256,448,3)
00004/0683 7 (256,448,3)
00004/0684 7 (256,448,3)
00004/0685 7 (256,448,3)
00004/0686 7 (256,448,3)
00004/0687 7 (256,448,3)
00004/0688 7 (256,448,3)
00004/0689 7 (256,448,3)
00004/0690 7 (256,448,3)
00004/0691 7 (256,448,3)
00004/0692 7 (256,448,3)
00004/0693 7 (256,448,3)
00004/0694 7 (256,448,3)
00004/0695 7 (256,448,3)
00004/0696 7 (256,448,3)
00004/0697 7 (256,448,3)
00004/0698 7 (256,448,3)
00004/0699 7 (256,448,3)
00004/0700 7 (256,448,3)
00004/0701 7 (256,448,3)
00004/0702 7 (256,448,3)
00004/0703 7 (256,448,3)
00004/0704 7 (256,448,3)
00004/0705 7 (256,448,3)
00004/0706 7 (256,448,3)
00004/0707 7 (256,448,3)
00004/0708 7 (256,448,3)
00004/0711 7 (256,448,3)
00004/0712 7 (256,448,3)
00004/0731 7 (256,448,3)
00004/0732 7 (256,448,3)
00004/0733 7 (256,448,3)
00004/0734 7 (256,448,3)
00004/0735 7 (256,448,3)
00004/0736 7 (256,448,3)
00004/0737 7 (256,448,3)
00004/0738 7 (256,448,3)
00004/0739 7 (256,448,3)
00004/0740 7 (256,448,3)
00004/0741 7 (256,448,3)
00004/0742 7 (256,448,3)
00004/0743 7 (256,448,3)
00004/0744 7 (256,448,3)
00004/0745 7 (256,448,3)
00004/0746 7 (256,448,3)
00004/0747 7 (256,448,3)
00004/0748 7 (256,448,3)
00004/0749 7 (256,448,3)
00004/0750 7 (256,448,3)
00004/0751 7 (256,448,3)
00004/0752 7 (256,448,3)
00004/0890 7 (256,448,3)
00004/0891 7 (256,448,3)
00004/0892 7 (256,448,3)
00004/0893 7 (256,448,3)
00004/0894 7 (256,448,3)
00004/0895 7 (256,448,3)
00004/0896 7 (256,448,3)
00004/0897 7 (256,448,3)
00004/0898 7 (256,448,3)
00004/0899 7 (256,448,3)
00004/0900 7 (256,448,3)
00004/0901 7 (256,448,3)
00004/0902 7 (256,448,3)
00004/0903 7 (256,448,3)
00004/0904 7 (256,448,3)
00004/0905 7 (256,448,3)
00004/0906 7 (256,448,3)
00004/0907 7 (256,448,3)
00004/0908 7 (256,448,3)
00004/0909 7 (256,448,3)
00004/0910 7 (256,448,3)
00004/0911 7 (256,448,3)
00004/0912 7 (256,448,3)
00004/0913 7 (256,448,3)
00004/0914 7 (256,448,3)
00004/0915 7 (256,448,3)
00004/0916 7 (256,448,3)
00004/0917 7 (256,448,3)
00004/0918 7 (256,448,3)
00004/0919 7 (256,448,3)
00004/0920 7 (256,448,3)
00004/0921 7 (256,448,3)
00004/0922 7 (256,448,3)
00004/0923 7 (256,448,3)
00004/0924 7 (256,448,3)
00004/0925 7 (256,448,3)
00004/0926 7 (256,448,3)
00004/0927 7 (256,448,3)
00004/0928 7 (256,448,3)
00004/0929 7 (256,448,3)
00004/0930 7 (256,448,3)
00004/0931 7 (256,448,3)
00004/0932 7 (256,448,3)
00004/0933 7 (256,448,3)
00004/0934 7 (256,448,3)
00004/0935 7 (256,448,3)
00004/0936 7 (256,448,3)
00004/0937 7 (256,448,3)
00004/0938 7 (256,448,3)
00004/0939 7 (256,448,3)
00004/0940 7 (256,448,3)
00004/0941 7 (256,448,3)
00004/0942 7 (256,448,3)
00004/0943 7 (256,448,3)
00004/0944 7 (256,448,3)
00004/0945 7 (256,448,3)
00004/0946 7 (256,448,3)
00004/0947 7 (256,448,3)
00004/0948 7 (256,448,3)
00004/0949 7 (256,448,3)
00004/0950 7 (256,448,3)
00004/0951 7 (256,448,3)
00004/0952 7 (256,448,3)
00004/0953 7 (256,448,3)
00004/0954 7 (256,448,3)
00004/0955 7 (256,448,3)
00004/0956 7 (256,448,3)
00004/0957 7 (256,448,3)
00004/0958 7 (256,448,3)
00004/0959 7 (256,448,3)
00004/0960 7 (256,448,3)
00004/0961 7 (256,448,3)
00004/0962 7 (256,448,3)
00004/0963 7 (256,448,3)
00004/0964 7 (256,448,3)
00004/0965 7 (256,448,3)
00004/0966 7 (256,448,3)
00004/0967 7 (256,448,3)
00004/0968 7 (256,448,3)
00004/0969 7 (256,448,3)
00004/0970 7 (256,448,3)
00004/0971 7 (256,448,3)
00004/0972 7 (256,448,3)
00004/0973 7 (256,448,3)
00004/0974 7 (256,448,3)
00004/0975 7 (256,448,3)
00004/0976 7 (256,448,3)
00004/0977 7 (256,448,3)
00004/0978 7 (256,448,3)
00004/0979 7 (256,448,3)
00004/0980 7 (256,448,3)
00004/0981 7 (256,448,3)
00004/0982 7 (256,448,3)
00004/0983 7 (256,448,3)
00004/0984 7 (256,448,3)
00004/0985 7 (256,448,3)
00004/0986 7 (256,448,3)
00004/0987 7 (256,448,3)
00004/0988 7 (256,448,3)
00004/0989 7 (256,448,3)
00004/0990 7 (256,448,3)
00004/0991 7 (256,448,3)
00004/0992 7 (256,448,3)
00004/0993 7 (256,448,3)
00004/0994 7 (256,448,3)
00004/0995 7 (256,448,3)
00004/0996 7 (256,448,3)
00004/0997 7 (256,448,3)
00004/0998 7 (256,448,3)
00004/0999 7 (256,448,3)
00004/1000 7 (256,448,3)